Filename	Scale	Power	Dauers
F1.txt	0.0	0.0	20
F2.txt	0.005	0.0	2790
F3.txt	0.01	0.0	1978
F4.txt	0.015	0.0	2734
F5.txt	0.02	0.0	1170
F6.txt	0.025	0.0	398
F7.txt	0.030000000000000002	0.0	394
F8.txt	0.035	0.0	390
F9.txt	0.04	0.0	386
F10.txt	0.045	0.0	382
F11.txt	0.049999999999999996	0.0	378
F12.txt	0.05499999999999999	0.0	552
F13.txt	0.05999999999999999	0.0	722
F14.txt	0.06499999999999999	0.0	714
F15.txt	0.06999999999999999	0.0	706
F16.txt	0.075	0.0	700
F17.txt	0.08	0.0	692
F18.txt	0.085	0.0	684
F19.txt	0.09000000000000001	0.0	678
F20.txt	0.09500000000000001	0.0	670
F21.txt	0.10000000000000002	0.0	664
F22.txt	0.10500000000000002	0.0	815
F23.txt	0.11000000000000003	0.0	806
F24.txt	0.11500000000000003	0.0	797
F25.txt	0.12000000000000004	0.0	942
F26.txt	0.12500000000000003	0.0	932
F27.txt	0.13000000000000003	0.0	922
F28.txt	0.13500000000000004	0.0	910
F29.txt	0.14000000000000004	0.0	900
F30.txt	0.14500000000000005	0.0	890
F31.txt	0.15000000000000005	0.0	880
F32.txt	0.15500000000000005	0.0	1012
F33.txt	0.16000000000000006	0.0	1000
F34.txt	0.16500000000000006	0.0	988
F35.txt	0.17000000000000007	0.0	977
F36.txt	0.17500000000000007	0.0	965
F37.txt	0.18000000000000008	0.0	952
F38.txt	0.18500000000000008	0.0	941
F39.txt	0.19000000000000009	0.0	1060
F40.txt	0.1950000000000001	0.0	1048
F41.txt	0.2	0.0	1036
F42.txt	0.0	0.005	20
F43.txt	0.005	0.005	2790
F44.txt	0.01	0.005	1978
F45.txt	0.015	0.005	2734
F46.txt	0.02	0.005	1171
F47.txt	0.025	0.005	398
F48.txt	0.030000000000000002	0.005	394
F49.txt	0.035	0.005	390
F50.txt	0.04	0.005	386
F51.txt	0.045	0.005	382
F52.txt	0.049999999999999996	0.005	378
F53.txt	0.05499999999999999	0.005	552
F54.txt	0.05999999999999999	0.005	722
F55.txt	0.06499999999999999	0.005	714
F56.txt	0.06999999999999999	0.005	707
F57.txt	0.075	0.005	700
F58.txt	0.08	0.005	692
F59.txt	0.085	0.005	684
F60.txt	0.09000000000000001	0.005	678
F61.txt	0.09500000000000001	0.005	670
F62.txt	0.10000000000000002	0.005	664
F63.txt	0.10500000000000002	0.005	815
F64.txt	0.11000000000000003	0.005	806
F65.txt	0.11500000000000003	0.005	798
F66.txt	0.12000000000000004	0.005	942
F67.txt	0.12500000000000003	0.005	932
F68.txt	0.13000000000000003	0.005	922
F69.txt	0.13500000000000004	0.005	912
F70.txt	0.14000000000000004	0.005	900
F71.txt	0.14500000000000005	0.005	890
F72.txt	0.15000000000000005	0.005	880
F73.txt	0.15500000000000005	0.005	1012
F74.txt	0.16000000000000006	0.005	1000
F75.txt	0.16500000000000006	0.005	989
F76.txt	0.17000000000000007	0.005	977
F77.txt	0.17500000000000007	0.005	965
F78.txt	0.18000000000000008	0.005	954
F79.txt	0.18500000000000008	0.005	942
F80.txt	0.19000000000000009	0.005	1062
F81.txt	0.1950000000000001	0.005	1049
F82.txt	0.2	0.005	1036
F83.txt	0.0	0.01	20
F84.txt	0.005	0.01	2790
F85.txt	0.01	0.01	1978
F86.txt	0.015	0.01	2734
F87.txt	0.02	0.01	1171
F88.txt	0.025	0.01	398
F89.txt	0.030000000000000002	0.01	394
F90.txt	0.035	0.01	390
F91.txt	0.04	0.01	386
F92.txt	0.045	0.01	382
F93.txt	0.049999999999999996	0.01	378
F94.txt	0.05499999999999999	0.01	552
F95.txt	0.05999999999999999	0.01	722
F96.txt	0.06499999999999999	0.01	714
F97.txt	0.06999999999999999	0.01	708
F98.txt	0.075	0.01	700
F99.txt	0.08	0.01	692
F100.txt	0.085	0.01	684
F101.txt	0.09000000000000001	0.01	678
F102.txt	0.09500000000000001	0.01	670
F103.txt	0.10000000000000002	0.01	664
F104.txt	0.10500000000000002	0.01	815
F105.txt	0.11000000000000003	0.01	807
F106.txt	0.11500000000000003	0.01	798
F107.txt	0.12000000000000004	0.01	943
F108.txt	0.12500000000000003	0.01	932
F109.txt	0.13000000000000003	0.01	922
F110.txt	0.13500000000000004	0.01	912
F111.txt	0.14000000000000004	0.01	902
F112.txt	0.14500000000000005	0.01	891
F113.txt	0.15000000000000005	0.01	880
F114.txt	0.15500000000000005	0.01	1013
F115.txt	0.16000000000000006	0.01	1002
F116.txt	0.16500000000000006	0.01	990
F117.txt	0.17000000000000007	0.01	978
F118.txt	0.17500000000000007	0.01	967
F119.txt	0.18000000000000008	0.01	955
F120.txt	0.18500000000000008	0.01	944
F121.txt	0.19000000000000009	0.01	1063
F122.txt	0.1950000000000001	0.01	1050
F123.txt	0.2	0.01	1038
F124.txt	0.0	0.015	20
F125.txt	0.005	0.015	2790
F126.txt	0.01	0.015	1978
F127.txt	0.015	0.015	2735
F128.txt	0.02	0.015	1172
F129.txt	0.025	0.015	398
F130.txt	0.030000000000000002	0.015	394
F131.txt	0.035	0.015	390
F132.txt	0.04	0.015	386
F133.txt	0.045	0.015	382
F134.txt	0.049999999999999996	0.015	378
F135.txt	0.05499999999999999	0.015	552
F136.txt	0.05999999999999999	0.015	722
F137.txt	0.06499999999999999	0.015	714
F138.txt	0.06999999999999999	0.015	708
F139.txt	0.075	0.015	700
F140.txt	0.08	0.015	692
F141.txt	0.085	0.015	686
F142.txt	0.09000000000000001	0.015	678
F143.txt	0.09500000000000001	0.015	670
F144.txt	0.10000000000000002	0.015	664
F145.txt	0.10500000000000002	0.015	815
F146.txt	0.11000000000000003	0.015	807
F147.txt	0.11500000000000003	0.015	798
F148.txt	0.12000000000000004	0.015	944
F149.txt	0.12500000000000003	0.015	933
F150.txt	0.13000000000000003	0.015	922
F151.txt	0.13500000000000004	0.015	912
F152.txt	0.14000000000000004	0.015	902
F153.txt	0.14500000000000005	0.015	892
F154.txt	0.15000000000000005	0.015	882
F155.txt	0.15500000000000005	0.015	1014
F156.txt	0.16000000000000006	0.015	1002
F157.txt	0.16500000000000006	0.015	990
F158.txt	0.17000000000000007	0.015	979
F159.txt	0.17500000000000007	0.015	967
F160.txt	0.18000000000000008	0.015	956
F161.txt	0.18500000000000008	0.015	944
F162.txt	0.19000000000000009	0.015	1064
F163.txt	0.1950000000000001	0.015	1052
F164.txt	0.2	0.015	1039
F165.txt	0.0	0.02	20
F166.txt	0.005	0.02	2790
F167.txt	0.01	0.02	1978
F168.txt	0.015	0.02	2737
F169.txt	0.02	0.02	1173
F170.txt	0.025	0.02	398
F171.txt	0.030000000000000002	0.02	394
F172.txt	0.035	0.02	390
F173.txt	0.04	0.02	386
F174.txt	0.045	0.02	382
F175.txt	0.049999999999999996	0.02	378
F176.txt	0.05499999999999999	0.02	552
F177.txt	0.05999999999999999	0.02	722
F178.txt	0.06499999999999999	0.02	714
F179.txt	0.06999999999999999	0.02	708
F180.txt	0.075	0.02	700
F181.txt	0.08	0.02	692
F182.txt	0.085	0.02	686
F183.txt	0.09000000000000001	0.02	678
F184.txt	0.09500000000000001	0.02	670
F185.txt	0.10000000000000002	0.02	664
F186.txt	0.10500000000000002	0.02	816
F187.txt	0.11000000000000003	0.02	807
F188.txt	0.11500000000000003	0.02	798
F189.txt	0.12000000000000004	0.02	944
F190.txt	0.12500000000000003	0.02	934
F191.txt	0.13000000000000003	0.02	923
F192.txt	0.13500000000000004	0.02	912
F193.txt	0.14000000000000004	0.02	902
F194.txt	0.14500000000000005	0.02	892
F195.txt	0.15000000000000005	0.02	882
F196.txt	0.15500000000000005	0.02	1014
F197.txt	0.16000000000000006	0.02	1002
F198.txt	0.16500000000000006	0.02	991
F199.txt	0.17000000000000007	0.02	979
F200.txt	0.17500000000000007	0.02	968
F201.txt	0.18000000000000008	0.02	956
F202.txt	0.18500000000000008	0.02	945
F203.txt	0.19000000000000009	0.02	1066
F204.txt	0.1950000000000001	0.02	1053
F205.txt	0.2	0.02	1041
F206.txt	0.0	0.025	20
F207.txt	0.005	0.025	2790
F208.txt	0.01	0.025	1978
F209.txt	0.015	0.025	2737
F210.txt	0.02	0.025	1173
F211.txt	0.025	0.025	398
F212.txt	0.030000000000000002	0.025	394
F213.txt	0.035	0.025	390
F214.txt	0.04	0.025	386
F215.txt	0.045	0.025	382
F216.txt	0.049999999999999996	0.025	378
F217.txt	0.05499999999999999	0.025	552
F218.txt	0.05999999999999999	0.025	722
F219.txt	0.06499999999999999	0.025	714
F220.txt	0.06999999999999999	0.025	708
F221.txt	0.075	0.025	700
F222.txt	0.08	0.025	692
F223.txt	0.085	0.025	686
F224.txt	0.09000000000000001	0.025	678
F225.txt	0.09500000000000001	0.025	670
F226.txt	0.10000000000000002	0.025	664
F227.txt	0.10500000000000002	0.025	816
F228.txt	0.11000000000000003	0.025	807
F229.txt	0.11500000000000003	0.025	798
F230.txt	0.12000000000000004	0.025	944
F231.txt	0.12500000000000003	0.025	934
F232.txt	0.13000000000000003	0.025	924
F233.txt	0.13500000000000004	0.025	913
F234.txt	0.14000000000000004	0.025	902
F235.txt	0.14500000000000005	0.025	892
F236.txt	0.15000000000000005	0.025	882
F237.txt	0.15500000000000005	0.025	1015
F238.txt	0.16000000000000006	0.025	1004
F239.txt	0.16500000000000006	0.025	992
F240.txt	0.17000000000000007	0.025	980
F241.txt	0.17500000000000007	0.025	969
F242.txt	0.18000000000000008	0.025	958
F243.txt	0.18500000000000008	0.025	947
F244.txt	0.19000000000000009	0.025	1068
F245.txt	0.1950000000000001	0.025	1054
F246.txt	0.2	0.025	1042
F247.txt	0.0	0.030000000000000002	20
F248.txt	0.005	0.030000000000000002	2790
F249.txt	0.01	0.030000000000000002	1978
F250.txt	0.015	0.030000000000000002	2737
F251.txt	0.02	0.030000000000000002	1174
F252.txt	0.025	0.030000000000000002	398
F253.txt	0.030000000000000002	0.030000000000000002	394
F254.txt	0.035	0.030000000000000002	390
F255.txt	0.04	0.030000000000000002	386
F256.txt	0.045	0.030000000000000002	382
F257.txt	0.049999999999999996	0.030000000000000002	378
F258.txt	0.05499999999999999	0.030000000000000002	552
F259.txt	0.05999999999999999	0.030000000000000002	722
F260.txt	0.06499999999999999	0.030000000000000002	714
F261.txt	0.06999999999999999	0.030000000000000002	708
F262.txt	0.075	0.030000000000000002	700
F263.txt	0.08	0.030000000000000002	692
F264.txt	0.085	0.030000000000000002	686
F265.txt	0.09000000000000001	0.030000000000000002	678
F266.txt	0.09500000000000001	0.030000000000000002	670
F267.txt	0.10000000000000002	0.030000000000000002	664
F268.txt	0.10500000000000002	0.030000000000000002	816
F269.txt	0.11000000000000003	0.030000000000000002	807
F270.txt	0.11500000000000003	0.030000000000000002	798
F271.txt	0.12000000000000004	0.030000000000000002	944
F272.txt	0.12500000000000003	0.030000000000000002	934
F273.txt	0.13000000000000003	0.030000000000000002	924
F274.txt	0.13500000000000004	0.030000000000000002	914
F275.txt	0.14000000000000004	0.030000000000000002	903
F276.txt	0.14500000000000005	0.030000000000000002	893
F277.txt	0.15000000000000005	0.030000000000000002	882
F278.txt	0.15500000000000005	0.030000000000000002	1017
F279.txt	0.16000000000000006	0.030000000000000002	1005
F280.txt	0.16500000000000006	0.030000000000000002	993
F281.txt	0.17000000000000007	0.030000000000000002	982
F282.txt	0.17500000000000007	0.030000000000000002	970
F283.txt	0.18000000000000008	0.030000000000000002	959
F284.txt	0.18500000000000008	0.030000000000000002	947
F285.txt	0.19000000000000009	0.030000000000000002	1069
F286.txt	0.1950000000000001	0.030000000000000002	1058
F287.txt	0.2	0.030000000000000002	1044
F288.txt	0.0	0.035	20
F289.txt	0.005	0.035	2790
F290.txt	0.01	0.035	1978
F291.txt	0.015	0.035	2738
F292.txt	0.02	0.035	1174
F293.txt	0.025	0.035	398
F294.txt	0.030000000000000002	0.035	394
F295.txt	0.035	0.035	390
F296.txt	0.04	0.035	386
F297.txt	0.045	0.035	382
F298.txt	0.049999999999999996	0.035	378
F299.txt	0.05499999999999999	0.035	552
F300.txt	0.05999999999999999	0.035	722
F301.txt	0.06499999999999999	0.035	714
F302.txt	0.06999999999999999	0.035	708
F303.txt	0.075	0.035	700
F304.txt	0.08	0.035	692
F305.txt	0.085	0.035	686
F306.txt	0.09000000000000001	0.035	678
F307.txt	0.09500000000000001	0.035	671
F308.txt	0.10000000000000002	0.035	664
F309.txt	0.10500000000000002	0.035	817
F310.txt	0.11000000000000003	0.035	808
F311.txt	0.11500000000000003	0.035	798
F312.txt	0.12000000000000004	0.035	945
F313.txt	0.12500000000000003	0.035	934
F314.txt	0.13000000000000003	0.035	924
F315.txt	0.13500000000000004	0.035	914
F316.txt	0.14000000000000004	0.035	904
F317.txt	0.14500000000000005	0.035	893
F318.txt	0.15000000000000005	0.035	883
F319.txt	0.15500000000000005	0.035	1017
F320.txt	0.16000000000000006	0.035	1005
F321.txt	0.16500000000000006	0.035	994
F322.txt	0.17000000000000007	0.035	983
F323.txt	0.17500000000000007	0.035	972
F324.txt	0.18000000000000008	0.035	960
F325.txt	0.18500000000000008	0.035	949
F326.txt	0.19000000000000009	0.035	1072
F327.txt	0.1950000000000001	0.035	1058
F328.txt	0.2	0.035	1046
F329.txt	0.0	0.04	20
F330.txt	0.005	0.04	2790
F331.txt	0.01	0.04	1978
F332.txt	0.015	0.04	2738
F333.txt	0.02	0.04	1175
F334.txt	0.025	0.04	398
F335.txt	0.030000000000000002	0.04	394
F336.txt	0.035	0.04	390
F337.txt	0.04	0.04	386
F338.txt	0.045	0.04	382
F339.txt	0.049999999999999996	0.04	378
F340.txt	0.05499999999999999	0.04	552
F341.txt	0.05999999999999999	0.04	722
F342.txt	0.06499999999999999	0.04	715
F343.txt	0.06999999999999999	0.04	708
F344.txt	0.075	0.04	700
F345.txt	0.08	0.04	692
F346.txt	0.085	0.04	686
F347.txt	0.09000000000000001	0.04	678
F348.txt	0.09500000000000001	0.04	672
F349.txt	0.10000000000000002	0.04	664
F350.txt	0.10500000000000002	0.04	817
F351.txt	0.11000000000000003	0.04	808
F352.txt	0.11500000000000003	0.04	799
F353.txt	0.12000000000000004	0.04	945
F354.txt	0.12500000000000003	0.04	935
F355.txt	0.13000000000000003	0.04	924
F356.txt	0.13500000000000004	0.04	914
F357.txt	0.14000000000000004	0.04	905
F358.txt	0.14500000000000005	0.04	895
F359.txt	0.15000000000000005	0.04	885
F360.txt	0.15500000000000005	0.04	1018
F361.txt	0.16000000000000006	0.04	1007
F362.txt	0.16500000000000006	0.04	995
F363.txt	0.17000000000000007	0.04	984
F364.txt	0.17500000000000007	0.04	973
F365.txt	0.18000000000000008	0.04	961
F366.txt	0.18500000000000008	0.04	950
F367.txt	0.19000000000000009	0.04	1072
F368.txt	0.1950000000000001	0.04	1060
F369.txt	0.2	0.04	1047
F370.txt	0.0	0.045	20
F371.txt	0.005	0.045	2790
F372.txt	0.01	0.045	1978
F373.txt	0.015	0.045	2739
F374.txt	0.02	0.045	1175
F375.txt	0.025	0.045	398
F376.txt	0.030000000000000002	0.045	394
F377.txt	0.035	0.045	390
F378.txt	0.04	0.045	386
F379.txt	0.045	0.045	382
F380.txt	0.049999999999999996	0.045	378
F381.txt	0.05499999999999999	0.045	552
F382.txt	0.05999999999999999	0.045	722
F383.txt	0.06499999999999999	0.045	716
F384.txt	0.06999999999999999	0.045	708
F385.txt	0.075	0.045	700
F386.txt	0.08	0.045	693
F387.txt	0.085	0.045	686
F388.txt	0.09000000000000001	0.045	678
F389.txt	0.09500000000000001	0.045	672
F390.txt	0.10000000000000002	0.045	664
F391.txt	0.10500000000000002	0.045	817
F392.txt	0.11000000000000003	0.045	808
F393.txt	0.11500000000000003	0.045	800
F394.txt	0.12000000000000004	0.045	946
F395.txt	0.12500000000000003	0.045	936
F396.txt	0.13000000000000003	0.045	925
F397.txt	0.13500000000000004	0.045	915
F398.txt	0.14000000000000004	0.045	905
F399.txt	0.14500000000000005	0.045	895
F400.txt	0.15000000000000005	0.045	885
F401.txt	0.15500000000000005	0.045	1020
F402.txt	0.16000000000000006	0.045	1008
F403.txt	0.16500000000000006	0.045	996
F404.txt	0.17000000000000007	0.045	985
F405.txt	0.17500000000000007	0.045	973
F406.txt	0.18000000000000008	0.045	962
F407.txt	0.18500000000000008	0.045	950
F408.txt	0.19000000000000009	0.045	1074
F409.txt	0.1950000000000001	0.045	1061
F410.txt	0.2	0.045	1049
F411.txt	0.0	0.049999999999999996	20
F412.txt	0.005	0.049999999999999996	2790
F413.txt	0.01	0.049999999999999996	1978
F414.txt	0.015	0.049999999999999996	2741
F415.txt	0.02	0.049999999999999996	1176
F416.txt	0.025	0.049999999999999996	398
F417.txt	0.030000000000000002	0.049999999999999996	394
F418.txt	0.035	0.049999999999999996	390
F419.txt	0.04	0.049999999999999996	386
F420.txt	0.045	0.049999999999999996	382
F421.txt	0.049999999999999996	0.049999999999999996	378
F422.txt	0.05499999999999999	0.049999999999999996	552
F423.txt	0.05999999999999999	0.049999999999999996	722
F424.txt	0.06499999999999999	0.049999999999999996	716
F425.txt	0.06999999999999999	0.049999999999999996	708
F426.txt	0.075	0.049999999999999996	700
F427.txt	0.08	0.049999999999999996	693
F428.txt	0.085	0.049999999999999996	686
F429.txt	0.09000000000000001	0.049999999999999996	678
F430.txt	0.09500000000000001	0.049999999999999996	672
F431.txt	0.10000000000000002	0.049999999999999996	664
F432.txt	0.10500000000000002	0.049999999999999996	817
F433.txt	0.11000000000000003	0.049999999999999996	808
F434.txt	0.11500000000000003	0.049999999999999996	800
F435.txt	0.12000000000000004	0.049999999999999996	947
F436.txt	0.12500000000000003	0.049999999999999996	937
F437.txt	0.13000000000000003	0.049999999999999996	926
F438.txt	0.13500000000000004	0.049999999999999996	916
F439.txt	0.14000000000000004	0.049999999999999996	905
F440.txt	0.14500000000000005	0.049999999999999996	895
F441.txt	0.15000000000000005	0.049999999999999996	885
F442.txt	0.15500000000000005	0.049999999999999996	1020
F443.txt	0.16000000000000006	0.049999999999999996	1008
F444.txt	0.16500000000000006	0.049999999999999996	997
F445.txt	0.17000000000000007	0.049999999999999996	985
F446.txt	0.17500000000000007	0.049999999999999996	974
F447.txt	0.18000000000000008	0.049999999999999996	963
F448.txt	0.18500000000000008	0.049999999999999996	952
F449.txt	0.19000000000000009	0.049999999999999996	1075
F450.txt	0.1950000000000001	0.049999999999999996	1063
F451.txt	0.2	0.049999999999999996	1050
F452.txt	0.0	0.05499999999999999	20
F453.txt	0.005	0.05499999999999999	2790
F454.txt	0.01	0.05499999999999999	1978
F455.txt	0.015	0.05499999999999999	2742
F456.txt	0.02	0.05499999999999999	1176
F457.txt	0.025	0.05499999999999999	398
F458.txt	0.030000000000000002	0.05499999999999999	394
F459.txt	0.035	0.05499999999999999	390
F460.txt	0.04	0.05499999999999999	386
F461.txt	0.045	0.05499999999999999	382
F462.txt	0.049999999999999996	0.05499999999999999	378
F463.txt	0.05499999999999999	0.05499999999999999	552
F464.txt	0.05999999999999999	0.05499999999999999	722
F465.txt	0.06499999999999999	0.05499999999999999	716
F466.txt	0.06999999999999999	0.05499999999999999	708
F467.txt	0.075	0.05499999999999999	700
F468.txt	0.08	0.05499999999999999	694
F469.txt	0.085	0.05499999999999999	686
F470.txt	0.09000000000000001	0.05499999999999999	678
F471.txt	0.09500000000000001	0.05499999999999999	672
F472.txt	0.10000000000000002	0.05499999999999999	664
F473.txt	0.10500000000000002	0.05499999999999999	817
F474.txt	0.11000000000000003	0.05499999999999999	808
F475.txt	0.11500000000000003	0.05499999999999999	800
F476.txt	0.12000000000000004	0.05499999999999999	947
F477.txt	0.12500000000000003	0.05499999999999999	937
F478.txt	0.13000000000000003	0.05499999999999999	927
F479.txt	0.13500000000000004	0.05499999999999999	916
F480.txt	0.14000000000000004	0.05499999999999999	906
F481.txt	0.14500000000000005	0.05499999999999999	896
F482.txt	0.15000000000000005	0.05499999999999999	886
F483.txt	0.15500000000000005	0.05499999999999999	1020
F484.txt	0.16000000000000006	0.05499999999999999	1009
F485.txt	0.16500000000000006	0.05499999999999999	998
F486.txt	0.17000000000000007	0.05499999999999999	987
F487.txt	0.17500000000000007	0.05499999999999999	976
F488.txt	0.18000000000000008	0.05499999999999999	965
F489.txt	0.18500000000000008	0.05499999999999999	953
F490.txt	0.19000000000000009	0.05499999999999999	1077
F491.txt	0.1950000000000001	0.05499999999999999	1065
F492.txt	0.2	0.05499999999999999	1052
F493.txt	0.0	0.05999999999999999	20
F494.txt	0.005	0.05999999999999999	2790
F495.txt	0.01	0.05999999999999999	1978
F496.txt	0.015	0.05999999999999999	2743
F497.txt	0.02	0.05999999999999999	1177
F498.txt	0.025	0.05999999999999999	398
F499.txt	0.030000000000000002	0.05999999999999999	394
F500.txt	0.035	0.05999999999999999	390
F501.txt	0.04	0.05999999999999999	386
F502.txt	0.045	0.05999999999999999	382
F503.txt	0.049999999999999996	0.05999999999999999	378
F504.txt	0.05499999999999999	0.05999999999999999	552
F505.txt	0.05999999999999999	0.05999999999999999	722
F506.txt	0.06499999999999999	0.05999999999999999	716
F507.txt	0.06999999999999999	0.05999999999999999	708
F508.txt	0.075	0.05999999999999999	700
F509.txt	0.08	0.05999999999999999	694
F510.txt	0.085	0.05999999999999999	686
F511.txt	0.09000000000000001	0.05999999999999999	678
F512.txt	0.09500000000000001	0.05999999999999999	672
F513.txt	0.10000000000000002	0.05999999999999999	664
F514.txt	0.10500000000000002	0.05999999999999999	817
F515.txt	0.11000000000000003	0.05999999999999999	808
F516.txt	0.11500000000000003	0.05999999999999999	800
F517.txt	0.12000000000000004	0.05999999999999999	947
F518.txt	0.12500000000000003	0.05999999999999999	937
F519.txt	0.13000000000000003	0.05999999999999999	927
F520.txt	0.13500000000000004	0.05999999999999999	917
F521.txt	0.14000000000000004	0.05999999999999999	906
F522.txt	0.14500000000000005	0.05999999999999999	896
F523.txt	0.15000000000000005	0.05999999999999999	886
F524.txt	0.15500000000000005	0.05999999999999999	1023
F525.txt	0.16000000000000006	0.05999999999999999	1011
F526.txt	0.16500000000000006	0.05999999999999999	999
F527.txt	0.17000000000000007	0.05999999999999999	988
F528.txt	0.17500000000000007	0.05999999999999999	976
F529.txt	0.18000000000000008	0.05999999999999999	965
F530.txt	0.18500000000000008	0.05999999999999999	953
F531.txt	0.19000000000000009	0.05999999999999999	1079
F532.txt	0.1950000000000001	0.05999999999999999	1067
F533.txt	0.2	0.05999999999999999	1054
F534.txt	0.0	0.06499999999999999	20
F535.txt	0.005	0.06499999999999999	2790
F536.txt	0.01	0.06499999999999999	1978
F537.txt	0.015	0.06499999999999999	2743
F538.txt	0.02	0.06499999999999999	1177
F539.txt	0.025	0.06499999999999999	398
F540.txt	0.030000000000000002	0.06499999999999999	394
F541.txt	0.035	0.06499999999999999	390
F542.txt	0.04	0.06499999999999999	386
F543.txt	0.045	0.06499999999999999	382
F544.txt	0.049999999999999996	0.06499999999999999	378
F545.txt	0.05499999999999999	0.06499999999999999	552
F546.txt	0.05999999999999999	0.06499999999999999	722
F547.txt	0.06499999999999999	0.06499999999999999	716
F548.txt	0.06999999999999999	0.06499999999999999	708
F549.txt	0.075	0.06499999999999999	700
F550.txt	0.08	0.06499999999999999	694
F551.txt	0.085	0.06499999999999999	686
F552.txt	0.09000000000000001	0.06499999999999999	678
F553.txt	0.09500000000000001	0.06499999999999999	672
F554.txt	0.10000000000000002	0.06499999999999999	664
F555.txt	0.10500000000000002	0.06499999999999999	818
F556.txt	0.11000000000000003	0.06499999999999999	809
F557.txt	0.11500000000000003	0.06499999999999999	800
F558.txt	0.12000000000000004	0.06499999999999999	948
F559.txt	0.12500000000000003	0.06499999999999999	937
F560.txt	0.13000000000000003	0.06499999999999999	927
F561.txt	0.13500000000000004	0.06499999999999999	917
F562.txt	0.14000000000000004	0.06499999999999999	907
F563.txt	0.14500000000000005	0.06499999999999999	897
F564.txt	0.15000000000000005	0.06499999999999999	887
F565.txt	0.15500000000000005	0.06499999999999999	1023
F566.txt	0.16000000000000006	0.06499999999999999	1011
F567.txt	0.16500000000000006	0.06499999999999999	1000
F568.txt	0.17000000000000007	0.06499999999999999	988
F569.txt	0.17500000000000007	0.06499999999999999	977
F570.txt	0.18000000000000008	0.06499999999999999	965
F571.txt	0.18500000000000008	0.06499999999999999	956
F572.txt	0.19000000000000009	0.06499999999999999	1080
F573.txt	0.1950000000000001	0.06499999999999999	1068
F574.txt	0.2	0.06499999999999999	1056
F575.txt	0.0	0.06999999999999999	20
F576.txt	0.005	0.06999999999999999	2790
F577.txt	0.01	0.06999999999999999	1978
F578.txt	0.015	0.06999999999999999	2743
F579.txt	0.02	0.06999999999999999	1177
F580.txt	0.025	0.06999999999999999	398
F581.txt	0.030000000000000002	0.06999999999999999	394
F582.txt	0.035	0.06999999999999999	390
F583.txt	0.04	0.06999999999999999	386
F584.txt	0.045	0.06999999999999999	382
F585.txt	0.049999999999999996	0.06999999999999999	378
F586.txt	0.05499999999999999	0.06999999999999999	552
F587.txt	0.05999999999999999	0.06999999999999999	722
F588.txt	0.06499999999999999	0.06999999999999999	716
F589.txt	0.06999999999999999	0.06999999999999999	708
F590.txt	0.075	0.06999999999999999	700
F591.txt	0.08	0.06999999999999999	694
F592.txt	0.085	0.06999999999999999	686
F593.txt	0.09000000000000001	0.06999999999999999	679
F594.txt	0.09500000000000001	0.06999999999999999	672
F595.txt	0.10000000000000002	0.06999999999999999	664
F596.txt	0.10500000000000002	0.06999999999999999	818
F597.txt	0.11000000000000003	0.06999999999999999	809
F598.txt	0.11500000000000003	0.06999999999999999	800
F599.txt	0.12000000000000004	0.06999999999999999	948
F600.txt	0.12500000000000003	0.06999999999999999	938
F601.txt	0.13000000000000003	0.06999999999999999	927
F602.txt	0.13500000000000004	0.06999999999999999	917
F603.txt	0.14000000000000004	0.06999999999999999	908
F604.txt	0.14500000000000005	0.06999999999999999	898
F605.txt	0.15000000000000005	0.06999999999999999	888
F606.txt	0.15500000000000005	0.06999999999999999	1023
F607.txt	0.16000000000000006	0.06999999999999999	1012
F608.txt	0.16500000000000006	0.06999999999999999	1000
F609.txt	0.17000000000000007	0.06999999999999999	989
F610.txt	0.17500000000000007	0.06999999999999999	979
F611.txt	0.18000000000000008	0.06999999999999999	967
F612.txt	0.18500000000000008	0.06999999999999999	956
F613.txt	0.19000000000000009	0.06999999999999999	1082
F614.txt	0.1950000000000001	0.06999999999999999	1070
F615.txt	0.2	0.06999999999999999	1056
F616.txt	0.0	0.075	20
F617.txt	0.005	0.075	2790
F618.txt	0.01	0.075	1978
F619.txt	0.015	0.075	2745
F620.txt	0.02	0.075	1178
F621.txt	0.025	0.075	398
F622.txt	0.030000000000000002	0.075	394
F623.txt	0.035	0.075	390
F624.txt	0.04	0.075	386
F625.txt	0.045	0.075	382
F626.txt	0.049999999999999996	0.075	378
F627.txt	0.05499999999999999	0.075	552
F628.txt	0.05999999999999999	0.075	723
F629.txt	0.06499999999999999	0.075	716
F630.txt	0.06999999999999999	0.075	708
F631.txt	0.075	0.075	700
F632.txt	0.08	0.075	694
F633.txt	0.085	0.075	686
F634.txt	0.09000000000000001	0.075	679
F635.txt	0.09500000000000001	0.075	672
F636.txt	0.10000000000000002	0.075	664
F637.txt	0.10500000000000002	0.075	818
F638.txt	0.11000000000000003	0.075	810
F639.txt	0.11500000000000003	0.075	800
F640.txt	0.12000000000000004	0.075	949
F641.txt	0.12500000000000003	0.075	938
F642.txt	0.13000000000000003	0.075	928
F643.txt	0.13500000000000004	0.075	919
F644.txt	0.14000000000000004	0.075	909
F645.txt	0.14500000000000005	0.075	898
F646.txt	0.15000000000000005	0.075	889
F647.txt	0.15500000000000005	0.075	1024
F648.txt	0.16000000000000006	0.075	1014
F649.txt	0.16500000000000006	0.075	1002
F650.txt	0.17000000000000007	0.075	991
F651.txt	0.17500000000000007	0.075	979
F652.txt	0.18000000000000008	0.075	969
F653.txt	0.18500000000000008	0.075	957
F654.txt	0.19000000000000009	0.075	1082
F655.txt	0.1950000000000001	0.075	1071
F656.txt	0.2	0.075	1059
F657.txt	0.0	0.08	20
F658.txt	0.005	0.08	2790
F659.txt	0.01	0.08	1978
F660.txt	0.015	0.08	2746
F661.txt	0.02	0.08	1178
F662.txt	0.025	0.08	398
F663.txt	0.030000000000000002	0.08	394
F664.txt	0.035	0.08	390
F665.txt	0.04	0.08	386
F666.txt	0.045	0.08	382
F667.txt	0.049999999999999996	0.08	378
F668.txt	0.05499999999999999	0.08	552
F669.txt	0.05999999999999999	0.08	723
F670.txt	0.06499999999999999	0.08	716
F671.txt	0.06999999999999999	0.08	708
F672.txt	0.075	0.08	701
F673.txt	0.08	0.08	694
F674.txt	0.085	0.08	686
F675.txt	0.09000000000000001	0.08	680
F676.txt	0.09500000000000001	0.08	672
F677.txt	0.10000000000000002	0.08	665
F678.txt	0.10500000000000002	0.08	818
F679.txt	0.11000000000000003	0.08	810
F680.txt	0.11500000000000003	0.08	800
F681.txt	0.12000000000000004	0.08	949
F682.txt	0.12500000000000003	0.08	939
F683.txt	0.13000000000000003	0.08	929
F684.txt	0.13500000000000004	0.08	919
F685.txt	0.14000000000000004	0.08	909
F686.txt	0.14500000000000005	0.08	900
F687.txt	0.15000000000000005	0.08	890
F688.txt	0.15500000000000005	0.08	1026
F689.txt	0.16000000000000006	0.08	1014
F690.txt	0.16500000000000006	0.08	1003
F691.txt	0.17000000000000007	0.08	992
F692.txt	0.17500000000000007	0.08	981
F693.txt	0.18000000000000008	0.08	969
F694.txt	0.18500000000000008	0.08	959
F695.txt	0.19000000000000009	0.08	1085
F696.txt	0.1950000000000001	0.08	1072
F697.txt	0.2	0.08	1060
F698.txt	0.0	0.085	20
F699.txt	0.005	0.085	2790
F700.txt	0.01	0.085	1978
F701.txt	0.015	0.085	2746
F702.txt	0.02	0.085	1179
F703.txt	0.025	0.085	398
F704.txt	0.030000000000000002	0.085	394
F705.txt	0.035	0.085	390
F706.txt	0.04	0.085	386
F707.txt	0.045	0.085	382
F708.txt	0.049999999999999996	0.085	378
F709.txt	0.05499999999999999	0.085	552
F710.txt	0.05999999999999999	0.085	723
F711.txt	0.06499999999999999	0.085	716
F712.txt	0.06999999999999999	0.085	708
F713.txt	0.075	0.085	701
F714.txt	0.08	0.085	694
F715.txt	0.085	0.085	686
F716.txt	0.09000000000000001	0.085	680
F717.txt	0.09500000000000001	0.085	672
F718.txt	0.10000000000000002	0.085	665
F719.txt	0.10500000000000002	0.085	818
F720.txt	0.11000000000000003	0.085	810
F721.txt	0.11500000000000003	0.085	801
F722.txt	0.12000000000000004	0.085	950
F723.txt	0.12500000000000003	0.085	940
F724.txt	0.13000000000000003	0.085	929
F725.txt	0.13500000000000004	0.085	920
F726.txt	0.14000000000000004	0.085	910
F727.txt	0.14500000000000005	0.085	900
F728.txt	0.15000000000000005	0.085	890
F729.txt	0.15500000000000005	0.085	1026
F730.txt	0.16000000000000006	0.085	1016
F731.txt	0.16500000000000006	0.085	1004
F732.txt	0.17000000000000007	0.085	993
F733.txt	0.17500000000000007	0.085	981
F734.txt	0.18000000000000008	0.085	971
F735.txt	0.18500000000000008	0.085	959
F736.txt	0.19000000000000009	0.085	1087
F737.txt	0.1950000000000001	0.085	1074
F738.txt	0.2	0.085	1062
F739.txt	0.0	0.09000000000000001	20
F740.txt	0.005	0.09000000000000001	2790
F741.txt	0.01	0.09000000000000001	1978
F742.txt	0.015	0.09000000000000001	2746
F743.txt	0.02	0.09000000000000001	1179
F744.txt	0.025	0.09000000000000001	398
F745.txt	0.030000000000000002	0.09000000000000001	394
F746.txt	0.035	0.09000000000000001	390
F747.txt	0.04	0.09000000000000001	386
F748.txt	0.045	0.09000000000000001	382
F749.txt	0.049999999999999996	0.09000000000000001	378
F750.txt	0.05499999999999999	0.09000000000000001	552
F751.txt	0.05999999999999999	0.09000000000000001	724
F752.txt	0.06499999999999999	0.09000000000000001	716
F753.txt	0.06999999999999999	0.09000000000000001	708
F754.txt	0.075	0.09000000000000001	701
F755.txt	0.08	0.09000000000000001	694
F756.txt	0.085	0.09000000000000001	686
F757.txt	0.09000000000000001	0.09000000000000001	680
F758.txt	0.09500000000000001	0.09000000000000001	672
F759.txt	0.10000000000000002	0.09000000000000001	665
F760.txt	0.10500000000000002	0.09000000000000001	819
F761.txt	0.11000000000000003	0.09000000000000001	810
F762.txt	0.11500000000000003	0.09000000000000001	802
F763.txt	0.12000000000000004	0.09000000000000001	951
F764.txt	0.12500000000000003	0.09000000000000001	940
F765.txt	0.13000000000000003	0.09000000000000001	931
F766.txt	0.13500000000000004	0.09000000000000001	920
F767.txt	0.14000000000000004	0.09000000000000001	910
F768.txt	0.14500000000000005	0.09000000000000001	900
F769.txt	0.15000000000000005	0.09000000000000001	890
F770.txt	0.15500000000000005	0.09000000000000001	1028
F771.txt	0.16000000000000006	0.09000000000000001	1016
F772.txt	0.16500000000000006	0.09000000000000001	1004
F773.txt	0.17000000000000007	0.09000000000000001	994
F774.txt	0.17500000000000007	0.09000000000000001	982
F775.txt	0.18000000000000008	0.09000000000000001	971
F776.txt	0.18500000000000008	0.09000000000000001	960
F777.txt	0.19000000000000009	0.09000000000000001	1088
F778.txt	0.1950000000000001	0.09000000000000001	1076
F779.txt	0.2	0.09000000000000001	1064
F780.txt	0.0	0.09500000000000001	20
F781.txt	0.005	0.09500000000000001	2790
F782.txt	0.01	0.09500000000000001	1978
F783.txt	0.015	0.09500000000000001	2746
F784.txt	0.02	0.09500000000000001	1179
F785.txt	0.025	0.09500000000000001	398
F786.txt	0.030000000000000002	0.09500000000000001	394
F787.txt	0.035	0.09500000000000001	390
F788.txt	0.04	0.09500000000000001	386
F789.txt	0.045	0.09500000000000001	382
F790.txt	0.049999999999999996	0.09500000000000001	378
F791.txt	0.05499999999999999	0.09500000000000001	552
F792.txt	0.05999999999999999	0.09500000000000001	724
F793.txt	0.06499999999999999	0.09500000000000001	716
F794.txt	0.06999999999999999	0.09500000000000001	708
F795.txt	0.075	0.09500000000000001	702
F796.txt	0.08	0.09500000000000001	694
F797.txt	0.085	0.09500000000000001	686
F798.txt	0.09000000000000001	0.09500000000000001	680
F799.txt	0.09500000000000001	0.09500000000000001	672
F800.txt	0.10000000000000002	0.09500000000000001	665
F801.txt	0.10500000000000002	0.09500000000000001	819
F802.txt	0.11000000000000003	0.09500000000000001	811
F803.txt	0.11500000000000003	0.09500000000000001	803
F804.txt	0.12000000000000004	0.09500000000000001	952
F805.txt	0.12500000000000003	0.09500000000000001	942
F806.txt	0.13000000000000003	0.09500000000000001	931
F807.txt	0.13500000000000004	0.09500000000000001	921
F808.txt	0.14000000000000004	0.09500000000000001	911
F809.txt	0.14500000000000005	0.09500000000000001	901
F810.txt	0.15000000000000005	0.09500000000000001	890
F811.txt	0.15500000000000005	0.09500000000000001	1029
F812.txt	0.16000000000000006	0.09500000000000001	1017
F813.txt	0.16500000000000006	0.09500000000000001	1006
F814.txt	0.17000000000000007	0.09500000000000001	994
F815.txt	0.17500000000000007	0.09500000000000001	983
F816.txt	0.18000000000000008	0.09500000000000001	971
F817.txt	0.18500000000000008	0.09500000000000001	961
F818.txt	0.19000000000000009	0.09500000000000001	1090
F819.txt	0.1950000000000001	0.09500000000000001	1077
F820.txt	0.2	0.09500000000000001	1064
F821.txt	0.0	0.10000000000000002	20
F822.txt	0.005	0.10000000000000002	2790
F823.txt	0.01	0.10000000000000002	1978
F824.txt	0.015	0.10000000000000002	2747
F825.txt	0.02	0.10000000000000002	1180
F826.txt	0.025	0.10000000000000002	398
F827.txt	0.030000000000000002	0.10000000000000002	394
F828.txt	0.035	0.10000000000000002	390
F829.txt	0.04	0.10000000000000002	386
F830.txt	0.045	0.10000000000000002	382
F831.txt	0.049999999999999996	0.10000000000000002	378
F832.txt	0.05499999999999999	0.10000000000000002	552
F833.txt	0.05999999999999999	0.10000000000000002	724
F834.txt	0.06499999999999999	0.10000000000000002	716
F835.txt	0.06999999999999999	0.10000000000000002	708
F836.txt	0.075	0.10000000000000002	702
F837.txt	0.08	0.10000000000000002	694
F838.txt	0.085	0.10000000000000002	686
F839.txt	0.09000000000000001	0.10000000000000002	680
F840.txt	0.09500000000000001	0.10000000000000002	672
F841.txt	0.10000000000000002	0.10000000000000002	666
F842.txt	0.10500000000000002	0.10000000000000002	820
F843.txt	0.11000000000000003	0.10000000000000002	811
F844.txt	0.11500000000000003	0.10000000000000002	804
F845.txt	0.12000000000000004	0.10000000000000002	952
F846.txt	0.12500000000000003	0.10000000000000002	942
F847.txt	0.13000000000000003	0.10000000000000002	932
F848.txt	0.13500000000000004	0.10000000000000002	922
F849.txt	0.14000000000000004	0.10000000000000002	911
F850.txt	0.14500000000000005	0.10000000000000002	901
F851.txt	0.15000000000000005	0.10000000000000002	891
F852.txt	0.15500000000000005	0.10000000000000002	1029
F853.txt	0.16000000000000006	0.10000000000000002	1018
F854.txt	0.16500000000000006	0.10000000000000002	1006
F855.txt	0.17000000000000007	0.10000000000000002	995
F856.txt	0.17500000000000007	0.10000000000000002	983
F857.txt	0.18000000000000008	0.10000000000000002	975
F858.txt	0.18500000000000008	0.10000000000000002	963
F859.txt	0.19000000000000009	0.10000000000000002	1091
F860.txt	0.1950000000000001	0.10000000000000002	1078
F861.txt	0.2	0.10000000000000002	1066
F862.txt	0.0	0.10500000000000002	20
F863.txt	0.005	0.10500000000000002	2790
F864.txt	0.01	0.10500000000000002	1978
F865.txt	0.015	0.10500000000000002	2748
F866.txt	0.02	0.10500000000000002	1181
F867.txt	0.025	0.10500000000000002	398
F868.txt	0.030000000000000002	0.10500000000000002	394
F869.txt	0.035	0.10500000000000002	390
F870.txt	0.04	0.10500000000000002	386
F871.txt	0.045	0.10500000000000002	382
F872.txt	0.049999999999999996	0.10500000000000002	378
F873.txt	0.05499999999999999	0.10500000000000002	552
F874.txt	0.05999999999999999	0.10500000000000002	724
F875.txt	0.06499999999999999	0.10500000000000002	716
F876.txt	0.06999999999999999	0.10500000000000002	708
F877.txt	0.075	0.10500000000000002	702
F878.txt	0.08	0.10500000000000002	694
F879.txt	0.085	0.10500000000000002	687
F880.txt	0.09000000000000001	0.10500000000000002	680
F881.txt	0.09500000000000001	0.10500000000000002	672
F882.txt	0.10000000000000002	0.10500000000000002	666
F883.txt	0.10500000000000002	0.10500000000000002	820
F884.txt	0.11000000000000003	0.10500000000000002	812
F885.txt	0.11500000000000003	0.10500000000000002	804
F886.txt	0.12000000000000004	0.10500000000000002	952
F887.txt	0.12500000000000003	0.10500000000000002	942
F888.txt	0.13000000000000003	0.10500000000000002	932
F889.txt	0.13500000000000004	0.10500000000000002	922
F890.txt	0.14000000000000004	0.10500000000000002	912
F891.txt	0.14500000000000005	0.10500000000000002	902
F892.txt	0.15000000000000005	0.10500000000000002	892
F893.txt	0.15500000000000005	0.10500000000000002	1030
F894.txt	0.16000000000000006	0.10500000000000002	1018
F895.txt	0.16500000000000006	0.10500000000000002	1006
F896.txt	0.17000000000000007	0.10500000000000002	997
F897.txt	0.17500000000000007	0.10500000000000002	986
F898.txt	0.18000000000000008	0.10500000000000002	975
F899.txt	0.18500000000000008	0.10500000000000002	964
F900.txt	0.19000000000000009	0.10500000000000002	1092
F901.txt	0.1950000000000001	0.10500000000000002	1080
F902.txt	0.2	0.10500000000000002	1067
F903.txt	0.0	0.11000000000000003	20
F904.txt	0.005	0.11000000000000003	2790
F905.txt	0.01	0.11000000000000003	1978
F906.txt	0.015	0.11000000000000003	2750
F907.txt	0.02	0.11000000000000003	1181
F908.txt	0.025	0.11000000000000003	398
F909.txt	0.030000000000000002	0.11000000000000003	394
F910.txt	0.035	0.11000000000000003	390
F911.txt	0.04	0.11000000000000003	386
F912.txt	0.045	0.11000000000000003	382
F913.txt	0.049999999999999996	0.11000000000000003	378
F914.txt	0.05499999999999999	0.11000000000000003	552
F915.txt	0.05999999999999999	0.11000000000000003	724
F916.txt	0.06499999999999999	0.11000000000000003	716
F917.txt	0.06999999999999999	0.11000000000000003	708
F918.txt	0.075	0.11000000000000003	702
F919.txt	0.08	0.11000000000000003	694
F920.txt	0.085	0.11000000000000003	687
F921.txt	0.09000000000000001	0.11000000000000003	680
F922.txt	0.09500000000000001	0.11000000000000003	672
F923.txt	0.10000000000000002	0.11000000000000003	666
F924.txt	0.10500000000000002	0.11000000000000003	821
F925.txt	0.11000000000000003	0.11000000000000003	812
F926.txt	0.11500000000000003	0.11000000000000003	804
F927.txt	0.12000000000000004	0.11000000000000003	952
F928.txt	0.12500000000000003	0.11000000000000003	942
F929.txt	0.13000000000000003	0.11000000000000003	932
F930.txt	0.13500000000000004	0.11000000000000003	922
F931.txt	0.14000000000000004	0.11000000000000003	912
F932.txt	0.14500000000000005	0.11000000000000003	902
F933.txt	0.15000000000000005	0.11000000000000003	892
F934.txt	0.15500000000000005	0.11000000000000003	1030
F935.txt	0.16000000000000006	0.11000000000000003	1019
F936.txt	0.16500000000000006	0.11000000000000003	1010
F937.txt	0.17000000000000007	0.11000000000000003	998
F938.txt	0.17500000000000007	0.11000000000000003	987
F939.txt	0.18000000000000008	0.11000000000000003	975
F940.txt	0.18500000000000008	0.11000000000000003	964
F941.txt	0.19000000000000009	0.11000000000000003	1093
F942.txt	0.1950000000000001	0.11000000000000003	1082
F943.txt	0.2	0.11000000000000003	1070
F944.txt	0.0	0.11500000000000003	20
F945.txt	0.005	0.11500000000000003	2790
F946.txt	0.01	0.11500000000000003	1978
F947.txt	0.015	0.11500000000000003	2750
F948.txt	0.02	0.11500000000000003	1181
F949.txt	0.025	0.11500000000000003	398
F950.txt	0.030000000000000002	0.11500000000000003	394
F951.txt	0.035	0.11500000000000003	390
F952.txt	0.04	0.11500000000000003	386
F953.txt	0.045	0.11500000000000003	382
F954.txt	0.049999999999999996	0.11500000000000003	378
F955.txt	0.05499999999999999	0.11500000000000003	552
F956.txt	0.05999999999999999	0.11500000000000003	724
F957.txt	0.06499999999999999	0.11500000000000003	716
F958.txt	0.06999999999999999	0.11500000000000003	708
F959.txt	0.075	0.11500000000000003	702
F960.txt	0.08	0.11500000000000003	694
F961.txt	0.085	0.11500000000000003	687
F962.txt	0.09000000000000001	0.11500000000000003	680
F963.txt	0.09500000000000001	0.11500000000000003	672
F964.txt	0.10000000000000002	0.11500000000000003	666
F965.txt	0.10500000000000002	0.11500000000000003	822
F966.txt	0.11000000000000003	0.11500000000000003	812
F967.txt	0.11500000000000003	0.11500000000000003	804
F968.txt	0.12000000000000004	0.11500000000000003	953
F969.txt	0.12500000000000003	0.11500000000000003	943
F970.txt	0.13000000000000003	0.11500000000000003	932
F971.txt	0.13500000000000004	0.11500000000000003	922
F972.txt	0.14000000000000004	0.11500000000000003	912
F973.txt	0.14500000000000005	0.11500000000000003	902
F974.txt	0.15000000000000005	0.11500000000000003	893
F975.txt	0.15500000000000005	0.11500000000000003	1032
F976.txt	0.16000000000000006	0.11500000000000003	1022
F977.txt	0.16500000000000006	0.11500000000000003	1010
F978.txt	0.17000000000000007	0.11500000000000003	999
F979.txt	0.17500000000000007	0.11500000000000003	987
F980.txt	0.18000000000000008	0.11500000000000003	977
F981.txt	0.18500000000000008	0.11500000000000003	965
F982.txt	0.19000000000000009	0.11500000000000003	1096
F983.txt	0.1950000000000001	0.11500000000000003	1083
F984.txt	0.2	0.11500000000000003	1071
F985.txt	0.0	0.12000000000000004	20
F986.txt	0.005	0.12000000000000004	2790
F987.txt	0.01	0.12000000000000004	1978
F988.txt	0.015	0.12000000000000004	2752
F989.txt	0.02	0.12000000000000004	1182
F990.txt	0.025	0.12000000000000004	398
F991.txt	0.030000000000000002	0.12000000000000004	394
F992.txt	0.035	0.12000000000000004	390
F993.txt	0.04	0.12000000000000004	386
F994.txt	0.045	0.12000000000000004	382
F995.txt	0.049999999999999996	0.12000000000000004	378
F996.txt	0.05499999999999999	0.12000000000000004	552
F997.txt	0.05999999999999999	0.12000000000000004	724
F998.txt	0.06499999999999999	0.12000000000000004	716
F999.txt	0.06999999999999999	0.12000000000000004	709
F1000.txt	0.075	0.12000000000000004	702
F1001.txt	0.08	0.12000000000000004	694
F1002.txt	0.085	0.12000000000000004	687
F1003.txt	0.09000000000000001	0.12000000000000004	680
F1004.txt	0.09500000000000001	0.12000000000000004	673
F1005.txt	0.10000000000000002	0.12000000000000004	666
F1006.txt	0.10500000000000002	0.12000000000000004	822
F1007.txt	0.11000000000000003	0.12000000000000004	812
F1008.txt	0.11500000000000003	0.12000000000000004	804
F1009.txt	0.12000000000000004	0.12000000000000004	954
F1010.txt	0.12500000000000003	0.12000000000000004	943
F1011.txt	0.13000000000000003	0.12000000000000004	933
F1012.txt	0.13500000000000004	0.12000000000000004	922
F1013.txt	0.14000000000000004	0.12000000000000004	912
F1014.txt	0.14500000000000005	0.12000000000000004	903
F1015.txt	0.15000000000000005	0.12000000000000004	893
F1016.txt	0.15500000000000005	0.12000000000000004	1033
F1017.txt	0.16000000000000006	0.12000000000000004	1022
F1018.txt	0.16500000000000006	0.12000000000000004	1010
F1019.txt	0.17000000000000007	0.12000000000000004	999
F1020.txt	0.17500000000000007	0.12000000000000004	988
F1021.txt	0.18000000000000008	0.12000000000000004	977
F1022.txt	0.18500000000000008	0.12000000000000004	966
F1023.txt	0.19000000000000009	0.12000000000000004	1096
F1024.txt	0.1950000000000001	0.12000000000000004	1085
F1025.txt	0.2	0.12000000000000004	1073
F1026.txt	0.0	0.12500000000000003	20
F1027.txt	0.005	0.12500000000000003	2790
F1028.txt	0.01	0.12500000000000003	1978
F1029.txt	0.015	0.12500000000000003	2752
F1030.txt	0.02	0.12500000000000003	1182
F1031.txt	0.025	0.12500000000000003	398
F1032.txt	0.030000000000000002	0.12500000000000003	394
F1033.txt	0.035	0.12500000000000003	390
F1034.txt	0.04	0.12500000000000003	386
F1035.txt	0.045	0.12500000000000003	382
F1036.txt	0.049999999999999996	0.12500000000000003	378
F1037.txt	0.05499999999999999	0.12500000000000003	552
F1038.txt	0.05999999999999999	0.12500000000000003	724
F1039.txt	0.06499999999999999	0.12500000000000003	716
F1040.txt	0.06999999999999999	0.12500000000000003	709
F1041.txt	0.075	0.12500000000000003	702
F1042.txt	0.08	0.12500000000000003	694
F1043.txt	0.085	0.12500000000000003	688
F1044.txt	0.09000000000000001	0.12500000000000003	680
F1045.txt	0.09500000000000001	0.12500000000000003	673
F1046.txt	0.10000000000000002	0.12500000000000003	666
F1047.txt	0.10500000000000002	0.12500000000000003	822
F1048.txt	0.11000000000000003	0.12500000000000003	814
F1049.txt	0.11500000000000003	0.12500000000000003	804
F1050.txt	0.12000000000000004	0.12500000000000003	954
F1051.txt	0.12500000000000003	0.12500000000000003	944
F1052.txt	0.13000000000000003	0.12500000000000003	934
F1053.txt	0.13500000000000004	0.12500000000000003	924
F1054.txt	0.14000000000000004	0.12500000000000003	914
F1055.txt	0.14500000000000005	0.12500000000000003	904
F1056.txt	0.15000000000000005	0.12500000000000003	895
F1057.txt	0.15500000000000005	0.12500000000000003	1034
F1058.txt	0.16000000000000006	0.12500000000000003	1022
F1059.txt	0.16500000000000006	0.12500000000000003	1012
F1060.txt	0.17000000000000007	0.12500000000000003	1000
F1061.txt	0.17500000000000007	0.12500000000000003	989
F1062.txt	0.18000000000000008	0.12500000000000003	978
F1063.txt	0.18500000000000008	0.12500000000000003	967
F1064.txt	0.19000000000000009	0.12500000000000003	1099
F1065.txt	0.1950000000000001	0.12500000000000003	1086
F1066.txt	0.2	0.12500000000000003	1074
F1067.txt	0.0	0.13000000000000003	20
F1068.txt	0.005	0.13000000000000003	2790
F1069.txt	0.01	0.13000000000000003	1978
F1070.txt	0.015	0.13000000000000003	2753
F1071.txt	0.02	0.13000000000000003	1182
F1072.txt	0.025	0.13000000000000003	398
F1073.txt	0.030000000000000002	0.13000000000000003	394
F1074.txt	0.035	0.13000000000000003	390
F1075.txt	0.04	0.13000000000000003	386
F1076.txt	0.045	0.13000000000000003	382
F1077.txt	0.049999999999999996	0.13000000000000003	378
F1078.txt	0.05499999999999999	0.13000000000000003	552
F1079.txt	0.05999999999999999	0.13000000000000003	724
F1080.txt	0.06499999999999999	0.13000000000000003	716
F1081.txt	0.06999999999999999	0.13000000000000003	709
F1082.txt	0.075	0.13000000000000003	702
F1083.txt	0.08	0.13000000000000003	694
F1084.txt	0.085	0.13000000000000003	688
F1085.txt	0.09000000000000001	0.13000000000000003	680
F1086.txt	0.09500000000000001	0.13000000000000003	673
F1087.txt	0.10000000000000002	0.13000000000000003	666
F1088.txt	0.10500000000000002	0.13000000000000003	822
F1089.txt	0.11000000000000003	0.13000000000000003	814
F1090.txt	0.11500000000000003	0.13000000000000003	804
F1091.txt	0.12000000000000004	0.13000000000000003	954
F1092.txt	0.12500000000000003	0.13000000000000003	944
F1093.txt	0.13000000000000003	0.13000000000000003	934
F1094.txt	0.13500000000000004	0.13000000000000003	925
F1095.txt	0.14000000000000004	0.13000000000000003	915
F1096.txt	0.14500000000000005	0.13000000000000003	905
F1097.txt	0.15000000000000005	0.13000000000000003	895
F1098.txt	0.15500000000000005	0.13000000000000003	1035
F1099.txt	0.16000000000000006	0.13000000000000003	1024
F1100.txt	0.16500000000000006	0.13000000000000003	1012
F1101.txt	0.17000000000000007	0.13000000000000003	1001
F1102.txt	0.17500000000000007	0.13000000000000003	990
F1103.txt	0.18000000000000008	0.13000000000000003	979
F1104.txt	0.18500000000000008	0.13000000000000003	969
F1105.txt	0.19000000000000009	0.13000000000000003	1099
F1106.txt	0.1950000000000001	0.13000000000000003	1087
F1107.txt	0.2	0.13000000000000003	1075
F1108.txt	0.0	0.13500000000000004	20
F1109.txt	0.005	0.13500000000000004	2790
F1110.txt	0.01	0.13500000000000004	1978
F1111.txt	0.015	0.13500000000000004	2753
F1112.txt	0.02	0.13500000000000004	1182
F1113.txt	0.025	0.13500000000000004	398
F1114.txt	0.030000000000000002	0.13500000000000004	394
F1115.txt	0.035	0.13500000000000004	390
F1116.txt	0.04	0.13500000000000004	386
F1117.txt	0.045	0.13500000000000004	382
F1118.txt	0.049999999999999996	0.13500000000000004	378
F1119.txt	0.05499999999999999	0.13500000000000004	552
F1120.txt	0.05999999999999999	0.13500000000000004	724
F1121.txt	0.06499999999999999	0.13500000000000004	716
F1122.txt	0.06999999999999999	0.13500000000000004	709
F1123.txt	0.075	0.13500000000000004	702
F1124.txt	0.08	0.13500000000000004	694
F1125.txt	0.085	0.13500000000000004	688
F1126.txt	0.09000000000000001	0.13500000000000004	680
F1127.txt	0.09500000000000001	0.13500000000000004	673
F1128.txt	0.10000000000000002	0.13500000000000004	666
F1129.txt	0.10500000000000002	0.13500000000000004	822
F1130.txt	0.11000000000000003	0.13500000000000004	814
F1131.txt	0.11500000000000003	0.13500000000000004	805
F1132.txt	0.12000000000000004	0.13500000000000004	954
F1133.txt	0.12500000000000003	0.13500000000000004	944
F1134.txt	0.13000000000000003	0.13500000000000004	935
F1135.txt	0.13500000000000004	0.13500000000000004	925
F1136.txt	0.14000000000000004	0.13500000000000004	915
F1137.txt	0.14500000000000005	0.13500000000000004	905
F1138.txt	0.15000000000000005	0.13500000000000004	896
F1139.txt	0.15500000000000005	0.13500000000000004	1035
F1140.txt	0.16000000000000006	0.13500000000000004	1024
F1141.txt	0.16500000000000006	0.13500000000000004	1012
F1142.txt	0.17000000000000007	0.13500000000000004	1002
F1143.txt	0.17500000000000007	0.13500000000000004	992
F1144.txt	0.18000000000000008	0.13500000000000004	981
F1145.txt	0.18500000000000008	0.13500000000000004	970
F1146.txt	0.19000000000000009	0.13500000000000004	1101
F1147.txt	0.1950000000000001	0.13500000000000004	1088
F1148.txt	0.2	0.13500000000000004	1078
F1149.txt	0.0	0.14000000000000004	20
F1150.txt	0.005	0.14000000000000004	2790
F1151.txt	0.01	0.14000000000000004	1978
F1152.txt	0.015	0.14000000000000004	2753
F1153.txt	0.02	0.14000000000000004	1182
F1154.txt	0.025	0.14000000000000004	398
F1155.txt	0.030000000000000002	0.14000000000000004	394
F1156.txt	0.035	0.14000000000000004	390
F1157.txt	0.04	0.14000000000000004	386
F1158.txt	0.045	0.14000000000000004	382
F1159.txt	0.049999999999999996	0.14000000000000004	378
F1160.txt	0.05499999999999999	0.14000000000000004	552
F1161.txt	0.05999999999999999	0.14000000000000004	724
F1162.txt	0.06499999999999999	0.14000000000000004	716
F1163.txt	0.06999999999999999	0.14000000000000004	710
F1164.txt	0.075	0.14000000000000004	702
F1165.txt	0.08	0.14000000000000004	694
F1166.txt	0.085	0.14000000000000004	688
F1167.txt	0.09000000000000001	0.14000000000000004	680
F1168.txt	0.09500000000000001	0.14000000000000004	674
F1169.txt	0.10000000000000002	0.14000000000000004	667
F1170.txt	0.10500000000000002	0.14000000000000004	822
F1171.txt	0.11000000000000003	0.14000000000000004	814
F1172.txt	0.11500000000000003	0.14000000000000004	805
F1173.txt	0.12000000000000004	0.14000000000000004	954
F1174.txt	0.12500000000000003	0.14000000000000004	945
F1175.txt	0.13000000000000003	0.14000000000000004	935
F1176.txt	0.13500000000000004	0.14000000000000004	925
F1177.txt	0.14000000000000004	0.14000000000000004	915
F1178.txt	0.14500000000000005	0.14000000000000004	906
F1179.txt	0.15000000000000005	0.14000000000000004	896
F1180.txt	0.15500000000000005	0.14000000000000004	1036
F1181.txt	0.16000000000000006	0.14000000000000004	1024
F1182.txt	0.16500000000000006	0.14000000000000004	1014
F1183.txt	0.17000000000000007	0.14000000000000004	1004
F1184.txt	0.17500000000000007	0.14000000000000004	993
F1185.txt	0.18000000000000008	0.14000000000000004	981
F1186.txt	0.18500000000000008	0.14000000000000004	970
F1187.txt	0.19000000000000009	0.14000000000000004	1103
F1188.txt	0.1950000000000001	0.14000000000000004	1091
F1189.txt	0.2	0.14000000000000004	1078
F1190.txt	0.0	0.14500000000000005	20
F1191.txt	0.005	0.14500000000000005	2790
F1192.txt	0.01	0.14500000000000005	1978
F1193.txt	0.015	0.14500000000000005	2754
F1194.txt	0.02	0.14500000000000005	1183
F1195.txt	0.025	0.14500000000000005	398
F1196.txt	0.030000000000000002	0.14500000000000005	394
F1197.txt	0.035	0.14500000000000005	390
F1198.txt	0.04	0.14500000000000005	386
F1199.txt	0.045	0.14500000000000005	382
F1200.txt	0.049999999999999996	0.14500000000000005	378
F1201.txt	0.05499999999999999	0.14500000000000005	552
F1202.txt	0.05999999999999999	0.14500000000000005	724
F1203.txt	0.06499999999999999	0.14500000000000005	716
F1204.txt	0.06999999999999999	0.14500000000000005	710
F1205.txt	0.075	0.14500000000000005	702
F1206.txt	0.08	0.14500000000000005	695
F1207.txt	0.085	0.14500000000000005	688
F1208.txt	0.09000000000000001	0.14500000000000005	680
F1209.txt	0.09500000000000001	0.14500000000000005	675
F1210.txt	0.10000000000000002	0.14500000000000005	667
F1211.txt	0.10500000000000002	0.14500000000000005	822
F1212.txt	0.11000000000000003	0.14500000000000005	814
F1213.txt	0.11500000000000003	0.14500000000000005	805
F1214.txt	0.12000000000000004	0.14500000000000005	956
F1215.txt	0.12500000000000003	0.14500000000000005	945
F1216.txt	0.13000000000000003	0.14500000000000005	935
F1217.txt	0.13500000000000004	0.14500000000000005	925
F1218.txt	0.14000000000000004	0.14500000000000005	916
F1219.txt	0.14500000000000005	0.14500000000000005	906
F1220.txt	0.15000000000000005	0.14500000000000005	896
F1221.txt	0.15500000000000005	0.14500000000000005	1036
F1222.txt	0.16000000000000006	0.14500000000000005	1025
F1223.txt	0.16500000000000006	0.14500000000000005	1016
F1224.txt	0.17000000000000007	0.14500000000000005	1004
F1225.txt	0.17500000000000007	0.14500000000000005	993
F1226.txt	0.18000000000000008	0.14500000000000005	982
F1227.txt	0.18500000000000008	0.14500000000000005	971
F1228.txt	0.19000000000000009	0.14500000000000005	1104
F1229.txt	0.1950000000000001	0.14500000000000005	1092
F1230.txt	0.2	0.14500000000000005	1080
F1231.txt	0.0	0.15000000000000005	20
F1232.txt	0.005	0.15000000000000005	2790
F1233.txt	0.01	0.15000000000000005	1978
F1234.txt	0.015	0.15000000000000005	2754
F1235.txt	0.02	0.15000000000000005	1183
F1236.txt	0.025	0.15000000000000005	398
F1237.txt	0.030000000000000002	0.15000000000000005	394
F1238.txt	0.035	0.15000000000000005	390
F1239.txt	0.04	0.15000000000000005	386
F1240.txt	0.045	0.15000000000000005	382
F1241.txt	0.049999999999999996	0.15000000000000005	378
F1242.txt	0.05499999999999999	0.15000000000000005	552
F1243.txt	0.05999999999999999	0.15000000000000005	724
F1244.txt	0.06499999999999999	0.15000000000000005	716
F1245.txt	0.06999999999999999	0.15000000000000005	710
F1246.txt	0.075	0.15000000000000005	702
F1247.txt	0.08	0.15000000000000005	695
F1248.txt	0.085	0.15000000000000005	688
F1249.txt	0.09000000000000001	0.15000000000000005	680
F1250.txt	0.09500000000000001	0.15000000000000005	675
F1251.txt	0.10000000000000002	0.15000000000000005	667
F1252.txt	0.10500000000000002	0.15000000000000005	822
F1253.txt	0.11000000000000003	0.15000000000000005	814
F1254.txt	0.11500000000000003	0.15000000000000005	806
F1255.txt	0.12000000000000004	0.15000000000000005	957
F1256.txt	0.12500000000000003	0.15000000000000005	947
F1257.txt	0.13000000000000003	0.15000000000000005	937
F1258.txt	0.13500000000000004	0.15000000000000005	926
F1259.txt	0.14000000000000004	0.15000000000000005	917
F1260.txt	0.14500000000000005	0.15000000000000005	907
F1261.txt	0.15000000000000005	0.15000000000000005	897
F1262.txt	0.15500000000000005	0.15000000000000005	1038
F1263.txt	0.16000000000000006	0.15000000000000005	1028
F1264.txt	0.16500000000000006	0.15000000000000005	1016
F1265.txt	0.17000000000000007	0.15000000000000005	1005
F1266.txt	0.17500000000000007	0.15000000000000005	993
F1267.txt	0.18000000000000008	0.15000000000000005	983
F1268.txt	0.18500000000000008	0.15000000000000005	973
F1269.txt	0.19000000000000009	0.15000000000000005	1106
F1270.txt	0.1950000000000001	0.15000000000000005	1094
F1271.txt	0.2	0.15000000000000005	1081
F1272.txt	0.0	0.15500000000000005	20
F1273.txt	0.005	0.15500000000000005	2790
F1274.txt	0.01	0.15500000000000005	1978
F1275.txt	0.015	0.15500000000000005	2756
F1276.txt	0.02	0.15500000000000005	1183
F1277.txt	0.025	0.15500000000000005	398
F1278.txt	0.030000000000000002	0.15500000000000005	394
F1279.txt	0.035	0.15500000000000005	390
F1280.txt	0.04	0.15500000000000005	386
F1281.txt	0.045	0.15500000000000005	382
F1282.txt	0.049999999999999996	0.15500000000000005	378
F1283.txt	0.05499999999999999	0.15500000000000005	552
F1284.txt	0.05999999999999999	0.15500000000000005	724
F1285.txt	0.06499999999999999	0.15500000000000005	716
F1286.txt	0.06999999999999999	0.15500000000000005	710
F1287.txt	0.075	0.15500000000000005	702
F1288.txt	0.08	0.15500000000000005	695
F1289.txt	0.085	0.15500000000000005	688
F1290.txt	0.09000000000000001	0.15500000000000005	681
F1291.txt	0.09500000000000001	0.15500000000000005	675
F1292.txt	0.10000000000000002	0.15500000000000005	667
F1293.txt	0.10500000000000002	0.15500000000000005	823
F1294.txt	0.11000000000000003	0.15500000000000005	814
F1295.txt	0.11500000000000003	0.15500000000000005	806
F1296.txt	0.12000000000000004	0.15500000000000005	957
F1297.txt	0.12500000000000003	0.15500000000000005	947
F1298.txt	0.13000000000000003	0.15500000000000005	938
F1299.txt	0.13500000000000004	0.15500000000000005	928
F1300.txt	0.14000000000000004	0.15500000000000005	918
F1301.txt	0.14500000000000005	0.15500000000000005	908
F1302.txt	0.15000000000000005	0.15500000000000005	899
F1303.txt	0.15500000000000005	0.15500000000000005	1039
F1304.txt	0.16000000000000006	0.15500000000000005	1028
F1305.txt	0.16500000000000006	0.15500000000000005	1017
F1306.txt	0.17000000000000007	0.15500000000000005	1006
F1307.txt	0.17500000000000007	0.15500000000000005	995
F1308.txt	0.18000000000000008	0.15500000000000005	984
F1309.txt	0.18500000000000008	0.15500000000000005	973
F1310.txt	0.19000000000000009	0.15500000000000005	1107
F1311.txt	0.1950000000000001	0.15500000000000005	1095
F1312.txt	0.2	0.15500000000000005	1083
F1313.txt	0.0	0.16000000000000006	20
F1314.txt	0.005	0.16000000000000006	2790
F1315.txt	0.01	0.16000000000000006	1978
F1316.txt	0.015	0.16000000000000006	2757
F1317.txt	0.02	0.16000000000000006	1183
F1318.txt	0.025	0.16000000000000006	398
F1319.txt	0.030000000000000002	0.16000000000000006	394
F1320.txt	0.035	0.16000000000000006	390
F1321.txt	0.04	0.16000000000000006	386
F1322.txt	0.045	0.16000000000000006	382
F1323.txt	0.049999999999999996	0.16000000000000006	378
F1324.txt	0.05499999999999999	0.16000000000000006	553
F1325.txt	0.05999999999999999	0.16000000000000006	724
F1326.txt	0.06499999999999999	0.16000000000000006	717
F1327.txt	0.06999999999999999	0.16000000000000006	710
F1328.txt	0.075	0.16000000000000006	702
F1329.txt	0.08	0.16000000000000006	695
F1330.txt	0.085	0.16000000000000006	688
F1331.txt	0.09000000000000001	0.16000000000000006	681
F1332.txt	0.09500000000000001	0.16000000000000006	675
F1333.txt	0.10000000000000002	0.16000000000000006	667
F1334.txt	0.10500000000000002	0.16000000000000006	824
F1335.txt	0.11000000000000003	0.16000000000000006	814
F1336.txt	0.11500000000000003	0.16000000000000006	806
F1337.txt	0.12000000000000004	0.16000000000000006	957
F1338.txt	0.12500000000000003	0.16000000000000006	948
F1339.txt	0.13000000000000003	0.16000000000000006	938
F1340.txt	0.13500000000000004	0.16000000000000006	928
F1341.txt	0.14000000000000004	0.16000000000000006	918
F1342.txt	0.14500000000000005	0.16000000000000006	909
F1343.txt	0.15000000000000005	0.16000000000000006	899
F1344.txt	0.15500000000000005	0.16000000000000006	1040
F1345.txt	0.16000000000000006	0.16000000000000006	1028
F1346.txt	0.16500000000000006	0.16000000000000006	1018
F1347.txt	0.17000000000000007	0.16000000000000006	1007
F1348.txt	0.17500000000000007	0.16000000000000006	996
F1349.txt	0.18000000000000008	0.16000000000000006	985
F1350.txt	0.18500000000000008	0.16000000000000006	975
F1351.txt	0.19000000000000009	0.16000000000000006	1109
F1352.txt	0.1950000000000001	0.16000000000000006	1096
F1353.txt	0.2	0.16000000000000006	1085
F1354.txt	0.0	0.16500000000000006	20
F1355.txt	0.005	0.16500000000000006	2790
F1356.txt	0.01	0.16500000000000006	1979
F1357.txt	0.015	0.16500000000000006	2757
F1358.txt	0.02	0.16500000000000006	1183
F1359.txt	0.025	0.16500000000000006	398
F1360.txt	0.030000000000000002	0.16500000000000006	394
F1361.txt	0.035	0.16500000000000006	390
F1362.txt	0.04	0.16500000000000006	386
F1363.txt	0.045	0.16500000000000006	382
F1364.txt	0.049999999999999996	0.16500000000000006	378
F1365.txt	0.05499999999999999	0.16500000000000006	553
F1366.txt	0.05999999999999999	0.16500000000000006	724
F1367.txt	0.06499999999999999	0.16500000000000006	717
F1368.txt	0.06999999999999999	0.16500000000000006	710
F1369.txt	0.075	0.16500000000000006	702
F1370.txt	0.08	0.16500000000000006	695
F1371.txt	0.085	0.16500000000000006	689
F1372.txt	0.09000000000000001	0.16500000000000006	682
F1373.txt	0.09500000000000001	0.16500000000000006	675
F1374.txt	0.10000000000000002	0.16500000000000006	667
F1375.txt	0.10500000000000002	0.16500000000000006	824
F1376.txt	0.11000000000000003	0.16500000000000006	814
F1377.txt	0.11500000000000003	0.16500000000000006	806
F1378.txt	0.12000000000000004	0.16500000000000006	958
F1379.txt	0.12500000000000003	0.16500000000000006	948
F1380.txt	0.13000000000000003	0.16500000000000006	938
F1381.txt	0.13500000000000004	0.16500000000000006	928
F1382.txt	0.14000000000000004	0.16500000000000006	919
F1383.txt	0.14500000000000005	0.16500000000000006	909
F1384.txt	0.15000000000000005	0.16500000000000006	899
F1385.txt	0.15500000000000005	0.16500000000000006	1040
F1386.txt	0.16000000000000006	0.16500000000000006	1030
F1387.txt	0.16500000000000006	0.16500000000000006	1019
F1388.txt	0.17000000000000007	0.16500000000000006	1008
F1389.txt	0.17500000000000007	0.16500000000000006	996
F1390.txt	0.18000000000000008	0.16500000000000006	987
F1391.txt	0.18500000000000008	0.16500000000000006	976
F1392.txt	0.19000000000000009	0.16500000000000006	1109
F1393.txt	0.1950000000000001	0.16500000000000006	1098
F1394.txt	0.2	0.16500000000000006	1087
F1395.txt	0.0	0.17000000000000007	20
F1396.txt	0.005	0.17000000000000007	2790
F1397.txt	0.01	0.17000000000000007	1979
F1398.txt	0.015	0.17000000000000007	2757
F1399.txt	0.02	0.17000000000000007	1183
F1400.txt	0.025	0.17000000000000007	398
F1401.txt	0.030000000000000002	0.17000000000000007	394
F1402.txt	0.035	0.17000000000000007	390
F1403.txt	0.04	0.17000000000000007	386
F1404.txt	0.045	0.17000000000000007	382
F1405.txt	0.049999999999999996	0.17000000000000007	378
F1406.txt	0.05499999999999999	0.17000000000000007	553
F1407.txt	0.05999999999999999	0.17000000000000007	724
F1408.txt	0.06499999999999999	0.17000000000000007	717
F1409.txt	0.06999999999999999	0.17000000000000007	710
F1410.txt	0.075	0.17000000000000007	702
F1411.txt	0.08	0.17000000000000007	696
F1412.txt	0.085	0.17000000000000007	689
F1413.txt	0.09000000000000001	0.17000000000000007	682
F1414.txt	0.09500000000000001	0.17000000000000007	675
F1415.txt	0.10000000000000002	0.17000000000000007	668
F1416.txt	0.10500000000000002	0.17000000000000007	824
F1417.txt	0.11000000000000003	0.17000000000000007	815
F1418.txt	0.11500000000000003	0.17000000000000007	806
F1419.txt	0.12000000000000004	0.17000000000000007	958
F1420.txt	0.12500000000000003	0.17000000000000007	948
F1421.txt	0.13000000000000003	0.17000000000000007	938
F1422.txt	0.13500000000000004	0.17000000000000007	929
F1423.txt	0.14000000000000004	0.17000000000000007	919
F1424.txt	0.14500000000000005	0.17000000000000007	909
F1425.txt	0.15000000000000005	0.17000000000000007	899
F1426.txt	0.15500000000000005	0.17000000000000007	1041
F1427.txt	0.16000000000000006	0.17000000000000007	1030
F1428.txt	0.16500000000000006	0.17000000000000007	1020
F1429.txt	0.17000000000000007	0.17000000000000007	1008
F1430.txt	0.17500000000000007	0.17000000000000007	999
F1431.txt	0.18000000000000008	0.17000000000000007	987
F1432.txt	0.18500000000000008	0.17000000000000007	976
F1433.txt	0.19000000000000009	0.17000000000000007	1111
F1434.txt	0.1950000000000001	0.17000000000000007	1100
F1435.txt	0.2	0.17000000000000007	1088
F1436.txt	0.0	0.17500000000000007	20
F1437.txt	0.005	0.17500000000000007	2790
F1438.txt	0.01	0.17500000000000007	1979
F1439.txt	0.015	0.17500000000000007	2757
F1440.txt	0.02	0.17500000000000007	1184
F1441.txt	0.025	0.17500000000000007	398
F1442.txt	0.030000000000000002	0.17500000000000007	394
F1443.txt	0.035	0.17500000000000007	390
F1444.txt	0.04	0.17500000000000007	386
F1445.txt	0.045	0.17500000000000007	382
F1446.txt	0.049999999999999996	0.17500000000000007	378
F1447.txt	0.05499999999999999	0.17500000000000007	553
F1448.txt	0.05999999999999999	0.17500000000000007	724
F1449.txt	0.06499999999999999	0.17500000000000007	717
F1450.txt	0.06999999999999999	0.17500000000000007	710
F1451.txt	0.075	0.17500000000000007	702
F1452.txt	0.08	0.17500000000000007	697
F1453.txt	0.085	0.17500000000000007	689
F1454.txt	0.09000000000000001	0.17500000000000007	682
F1455.txt	0.09500000000000001	0.17500000000000007	675
F1456.txt	0.10000000000000002	0.17500000000000007	668
F1457.txt	0.10500000000000002	0.17500000000000007	824
F1458.txt	0.11000000000000003	0.17500000000000007	815
F1459.txt	0.11500000000000003	0.17500000000000007	807
F1460.txt	0.12000000000000004	0.17500000000000007	959
F1461.txt	0.12500000000000003	0.17500000000000007	948
F1462.txt	0.13000000000000003	0.17500000000000007	938
F1463.txt	0.13500000000000004	0.17500000000000007	929
F1464.txt	0.14000000000000004	0.17500000000000007	919
F1465.txt	0.14500000000000005	0.17500000000000007	910
F1466.txt	0.15000000000000005	0.17500000000000007	900
F1467.txt	0.15500000000000005	0.17500000000000007	1042
F1468.txt	0.16000000000000006	0.17500000000000007	1031
F1469.txt	0.16500000000000006	0.17500000000000007	1020
F1470.txt	0.17000000000000007	0.17500000000000007	1010
F1471.txt	0.17500000000000007	0.17500000000000007	999
F1472.txt	0.18000000000000008	0.17500000000000007	988
F1473.txt	0.18500000000000008	0.17500000000000007	977
F1474.txt	0.19000000000000009	0.17500000000000007	1113
F1475.txt	0.1950000000000001	0.17500000000000007	1101
F1476.txt	0.2	0.17500000000000007	1089
F1477.txt	0.0	0.18000000000000008	20
F1478.txt	0.005	0.18000000000000008	2790
F1479.txt	0.01	0.18000000000000008	1979
F1480.txt	0.015	0.18000000000000008	2757
F1481.txt	0.02	0.18000000000000008	1184
F1482.txt	0.025	0.18000000000000008	398
F1483.txt	0.030000000000000002	0.18000000000000008	394
F1484.txt	0.035	0.18000000000000008	390
F1485.txt	0.04	0.18000000000000008	386
F1486.txt	0.045	0.18000000000000008	382
F1487.txt	0.049999999999999996	0.18000000000000008	378
F1488.txt	0.05499999999999999	0.18000000000000008	554
F1489.txt	0.05999999999999999	0.18000000000000008	724
F1490.txt	0.06499999999999999	0.18000000000000008	717
F1491.txt	0.06999999999999999	0.18000000000000008	710
F1492.txt	0.075	0.18000000000000008	702
F1493.txt	0.08	0.18000000000000008	697
F1494.txt	0.085	0.18000000000000008	689
F1495.txt	0.09000000000000001	0.18000000000000008	682
F1496.txt	0.09500000000000001	0.18000000000000008	675
F1497.txt	0.10000000000000002	0.18000000000000008	668
F1498.txt	0.10500000000000002	0.18000000000000008	824
F1499.txt	0.11000000000000003	0.18000000000000008	816
F1500.txt	0.11500000000000003	0.18000000000000008	808
F1501.txt	0.12000000000000004	0.18000000000000008	960
F1502.txt	0.12500000000000003	0.18000000000000008	949
F1503.txt	0.13000000000000003	0.18000000000000008	940
F1504.txt	0.13500000000000004	0.18000000000000008	930
F1505.txt	0.14000000000000004	0.18000000000000008	920
F1506.txt	0.14500000000000005	0.18000000000000008	910
F1507.txt	0.15000000000000005	0.18000000000000008	900
F1508.txt	0.15500000000000005	0.18000000000000008	1043
F1509.txt	0.16000000000000006	0.18000000000000008	1032
F1510.txt	0.16500000000000006	0.18000000000000008	1022
F1511.txt	0.17000000000000007	0.18000000000000008	1011
F1512.txt	0.17500000000000007	0.18000000000000008	999
F1513.txt	0.18000000000000008	0.18000000000000008	989
F1514.txt	0.18500000000000008	0.18000000000000008	979
F1515.txt	0.19000000000000009	0.18000000000000008	1114
F1516.txt	0.1950000000000001	0.18000000000000008	1102
F1517.txt	0.2	0.18000000000000008	1091
F1518.txt	0.0	0.18500000000000008	20
F1519.txt	0.005	0.18500000000000008	2790
F1520.txt	0.01	0.18500000000000008	1981
F1521.txt	0.015	0.18500000000000008	2757
F1522.txt	0.02	0.18500000000000008	1184
F1523.txt	0.025	0.18500000000000008	398
F1524.txt	0.030000000000000002	0.18500000000000008	394
F1525.txt	0.035	0.18500000000000008	390
F1526.txt	0.04	0.18500000000000008	386
F1527.txt	0.045	0.18500000000000008	382
F1528.txt	0.049999999999999996	0.18500000000000008	378
F1529.txt	0.05499999999999999	0.18500000000000008	554
F1530.txt	0.05999999999999999	0.18500000000000008	724
F1531.txt	0.06499999999999999	0.18500000000000008	717
F1532.txt	0.06999999999999999	0.18500000000000008	710
F1533.txt	0.075	0.18500000000000008	703
F1534.txt	0.08	0.18500000000000008	697
F1535.txt	0.085	0.18500000000000008	689
F1536.txt	0.09000000000000001	0.18500000000000008	682
F1537.txt	0.09500000000000001	0.18500000000000008	675
F1538.txt	0.10000000000000002	0.18500000000000008	668
F1539.txt	0.10500000000000002	0.18500000000000008	824
F1540.txt	0.11000000000000003	0.18500000000000008	816
F1541.txt	0.11500000000000003	0.18500000000000008	808
F1542.txt	0.12000000000000004	0.18500000000000008	960
F1543.txt	0.12500000000000003	0.18500000000000008	951
F1544.txt	0.13000000000000003	0.18500000000000008	941
F1545.txt	0.13500000000000004	0.18500000000000008	931
F1546.txt	0.14000000000000004	0.18500000000000008	921
F1547.txt	0.14500000000000005	0.18500000000000008	911
F1548.txt	0.15000000000000005	0.18500000000000008	901
F1549.txt	0.15500000000000005	0.18500000000000008	1043
F1550.txt	0.16000000000000006	0.18500000000000008	1033
F1551.txt	0.16500000000000006	0.18500000000000008	1022
F1552.txt	0.17000000000000007	0.18500000000000008	1011
F1553.txt	0.17500000000000007	0.18500000000000008	1001
F1554.txt	0.18000000000000008	0.18500000000000008	990
F1555.txt	0.18500000000000008	0.18500000000000008	979
F1556.txt	0.19000000000000009	0.18500000000000008	1115
F1557.txt	0.1950000000000001	0.18500000000000008	1104
F1558.txt	0.2	0.18500000000000008	1091
F1559.txt	0.0	0.19000000000000009	20
F1560.txt	0.005	0.19000000000000009	2790
F1561.txt	0.01	0.19000000000000009	1981
F1562.txt	0.015	0.19000000000000009	2757
F1563.txt	0.02	0.19000000000000009	1184
F1564.txt	0.025	0.19000000000000009	398
F1565.txt	0.030000000000000002	0.19000000000000009	394
F1566.txt	0.035	0.19000000000000009	390
F1567.txt	0.04	0.19000000000000009	386
F1568.txt	0.045	0.19000000000000009	382
F1569.txt	0.049999999999999996	0.19000000000000009	378
F1570.txt	0.05499999999999999	0.19000000000000009	554
F1571.txt	0.05999999999999999	0.19000000000000009	724
F1572.txt	0.06499999999999999	0.19000000000000009	718
F1573.txt	0.06999999999999999	0.19000000000000009	710
F1574.txt	0.075	0.19000000000000009	703
F1575.txt	0.08	0.19000000000000009	697
F1576.txt	0.085	0.19000000000000009	689
F1577.txt	0.09000000000000001	0.19000000000000009	683
F1578.txt	0.09500000000000001	0.19000000000000009	675
F1579.txt	0.10000000000000002	0.19000000000000009	668
F1580.txt	0.10500000000000002	0.19000000000000009	824
F1581.txt	0.11000000000000003	0.19000000000000009	817
F1582.txt	0.11500000000000003	0.19000000000000009	808
F1583.txt	0.12000000000000004	0.19000000000000009	960
F1584.txt	0.12500000000000003	0.19000000000000009	951
F1585.txt	0.13000000000000003	0.19000000000000009	941
F1586.txt	0.13500000000000004	0.19000000000000009	931
F1587.txt	0.14000000000000004	0.19000000000000009	921
F1588.txt	0.14500000000000005	0.19000000000000009	911
F1589.txt	0.15000000000000005	0.19000000000000009	901
F1590.txt	0.15500000000000005	0.19000000000000009	1045
F1591.txt	0.16000000000000006	0.19000000000000009	1034
F1592.txt	0.16500000000000006	0.19000000000000009	1023
F1593.txt	0.17000000000000007	0.19000000000000009	1012
F1594.txt	0.17500000000000007	0.19000000000000009	1002
F1595.txt	0.18000000000000008	0.19000000000000009	991
F1596.txt	0.18500000000000008	0.19000000000000009	979
F1597.txt	0.19000000000000009	0.19000000000000009	1117
F1598.txt	0.1950000000000001	0.19000000000000009	1105
F1599.txt	0.2	0.19000000000000009	1094
F1600.txt	0.0	0.1950000000000001	20
F1601.txt	0.005	0.1950000000000001	2790
F1602.txt	0.01	0.1950000000000001	1981
F1603.txt	0.015	0.1950000000000001	2757
F1604.txt	0.02	0.1950000000000001	1184
F1605.txt	0.025	0.1950000000000001	398
F1606.txt	0.030000000000000002	0.1950000000000001	394
F1607.txt	0.035	0.1950000000000001	390
F1608.txt	0.04	0.1950000000000001	386
F1609.txt	0.045	0.1950000000000001	382
F1610.txt	0.049999999999999996	0.1950000000000001	378
F1611.txt	0.05499999999999999	0.1950000000000001	554
F1612.txt	0.05999999999999999	0.1950000000000001	724
F1613.txt	0.06499999999999999	0.1950000000000001	718
F1614.txt	0.06999999999999999	0.1950000000000001	710
F1615.txt	0.075	0.1950000000000001	704
F1616.txt	0.08	0.1950000000000001	697
F1617.txt	0.085	0.1950000000000001	689
F1618.txt	0.09000000000000001	0.1950000000000001	683
F1619.txt	0.09500000000000001	0.1950000000000001	675
F1620.txt	0.10000000000000002	0.1950000000000001	669
F1621.txt	0.10500000000000002	0.1950000000000001	825
F1622.txt	0.11000000000000003	0.1950000000000001	817
F1623.txt	0.11500000000000003	0.1950000000000001	808
F1624.txt	0.12000000000000004	0.1950000000000001	961
F1625.txt	0.12500000000000003	0.1950000000000001	951
F1626.txt	0.13000000000000003	0.1950000000000001	941
F1627.txt	0.13500000000000004	0.1950000000000001	931
F1628.txt	0.14000000000000004	0.1950000000000001	921
F1629.txt	0.14500000000000005	0.1950000000000001	911
F1630.txt	0.15000000000000005	0.1950000000000001	902
F1631.txt	0.15500000000000005	0.1950000000000001	1046
F1632.txt	0.16000000000000006	0.1950000000000001	1034
F1633.txt	0.16500000000000006	0.1950000000000001	1024
F1634.txt	0.17000000000000007	0.1950000000000001	1014
F1635.txt	0.17500000000000007	0.1950000000000001	1002
F1636.txt	0.18000000000000008	0.1950000000000001	991
F1637.txt	0.18500000000000008	0.1950000000000001	982
F1638.txt	0.19000000000000009	0.1950000000000001	1118
F1639.txt	0.1950000000000001	0.1950000000000001	1106
F1640.txt	0.2	0.1950000000000001	1095
F1641.txt	0.0	0.2	20
F1642.txt	0.005	0.2	2790
F1643.txt	0.01	0.2	1981
F1644.txt	0.015	0.2	2758
F1645.txt	0.02	0.2	1184
F1646.txt	0.025	0.2	398
F1647.txt	0.030000000000000002	0.2	394
F1648.txt	0.035	0.2	390
F1649.txt	0.04	0.2	386
F1650.txt	0.045	0.2	382
F1651.txt	0.049999999999999996	0.2	378
F1652.txt	0.05499999999999999	0.2	554
F1653.txt	0.05999999999999999	0.2	724
F1654.txt	0.06499999999999999	0.2	718
F1655.txt	0.06999999999999999	0.2	711
F1656.txt	0.075	0.2	704
F1657.txt	0.08	0.2	697
F1658.txt	0.085	0.2	689
F1659.txt	0.09000000000000001	0.2	683
F1660.txt	0.09500000000000001	0.2	675
F1661.txt	0.10000000000000002	0.2	669
F1662.txt	0.10500000000000002	0.2	825
F1663.txt	0.11000000000000003	0.2	817
F1664.txt	0.11500000000000003	0.2	809
F1665.txt	0.12000000000000004	0.2	961
F1666.txt	0.12500000000000003	0.2	951
F1667.txt	0.13000000000000003	0.2	941
F1668.txt	0.13500000000000004	0.2	931
F1669.txt	0.14000000000000004	0.2	921
F1670.txt	0.14500000000000005	0.2	912
F1671.txt	0.15000000000000005	0.2	904
F1672.txt	0.15500000000000005	0.2	1046
F1673.txt	0.16000000000000006	0.2	1036
F1674.txt	0.16500000000000006	0.2	1025
F1675.txt	0.17000000000000007	0.2	1014
F1676.txt	0.17500000000000007	0.2	1003
F1677.txt	0.18000000000000008	0.2	993
F1678.txt	0.18500000000000008	0.2	983
F1679.txt	0.19000000000000009	0.2	1120
F1680.txt	0.1950000000000001	0.2	1109
